


x0  =[10,5,12,5]';

G=[0.5,1;1,0;0,0.5;0,1];
F=[1,1,0,0;0,1,0,0;0,0,1,1;0,0,0,1];
    
sys = F*x0+G*u; 