function Con_Out = FLSM_Con(u)
x=u(1)+1.4694;

y=-8.596*x^3+29.93*x^2-37.95*x+18.41+0.0028;
Con_Out=y