% clc;clear
%  disp('输入一个y的值：')
% a=input('y=')
%  syms x y
%  x1=solve('y=-8.596*x^3+29.93*x^2-37.95*x+18.41+0.0028','x')
 
 x=1.9447;
 %
y=(((0.058166589111214518380642159143788*x - 0.072426863371519551981130775169508)^2 + 0.0019336009522544873058010899276421)^(1/2) - 0.058166589111214518380642159143788*x + 0.072426863371519551981130775169508)^(1/3) - 0.12458209135741144417250112952834/(((0.058166589111214518380642159143788*x - 0.072426863371519551981130775169508)^2 + 0.0019336009522544873058010899276421)^(1/2) - 0.058166589111214518380642159143788*x + 0.072426863371519551981130775169508)^(1/3) + 1.1606173413991003567550798821157
